L0 = 1100 1100 0000 0000 1100 1100 1111 1111 
     1100 1100 0000 0000 1100 1100 1111 1111
R0 = 1111 0000 1010 1010 1111 0000 1010 1010
     1111 0000 1010 1010 1111 0000 1010 1010

L1 = 1111 0000 1010 1010 1111 0000 1010 1010
     1111 0000 1010 1010 1111 0000 1010 1010 // spatne
R1 = 1110 1111 0100 1010 0110 0101 0100 0100
     1110 1111 0100 1010 0110 0101 0100 0100
//////////////////////////////////////////// TYTO UZ JSOU SPRAVNE



L2 = 1110 1111 0100 1010 0110 0101 0100 0100
     1110 1111 0100 1010 0110 0101 0100 0100

R2 = 1101 0011 1110 0001 1110 0010 1110 0111




L16 = 0100 0011 0100 0010 0011 0010 0011 0100 // spravne
      0100 0011 0100 0010 0011 0010 0011 0100
    

R16 = 0000 1010 0100 1100 1101 1001 1001 0101 // spravne
      0000 1010 0100 1100 1101 1001 1001 0101
      0000 1010 0100 1100 1101 1001 1001 0101
      0000 1010 0100 1100 1101 1001 1001 0101